000000000000000000000000000000000000000
000000000000000000000000000000000000000
000011111000000000000000000000111110000
000010000000000000000000000000000010000
000010000000000000000000000000000010000
000010000000000000000000000000000010000
000000000000000000000000000000000000000
000000000000000000000000000000000000000
000000000000000000000000000000000000000
000010000000000000000000000000000010000
000010000000000000000000000000000010000
000010000000000000000000000000000010000
000010000000000000000000000000000010000
000000000000000000000000000000000000000
000000000000000000000000000000000000000
000000000000000000000000000000000000000
000010000000000000000000000000000010000
000010000000000000000000000000000010000
000010000000000000000000000000000010000
000010000000000000000000000000000010000
000000000000000000000000000000000000000
000000000000000000000000000000000000000
000000000000000000000000000000000000000
000010000000000000000000000000000010000
000010000000000000000000000000000010000
000010000000000000000000000000000010000
000011111000000000000000000000111110000
000000000000000000000000000000000000000
000000000000000000000000000000000000000
000000000000000000000000000000000000000