000000000000000000000000000000000000000
000000000000000000000000000000000000000
000011111000000000000000000000111110000
000010000000000000000000000000000010000
000010000000000000000000000000000010000
000010000000000000000000000000000010000
000000000000000000000000000000000000000
000000000000000000000000000000000000000
000000000000000000000000000000000000000
000000000P00000000100000000000000000000
000000000000000000100000000000000000000
000000000000000000100000000000000000000
000000000000011111111111000000000000000
000000000000000000100000000000000000000
000000000000000000100000000000000000000
000000000000000000100000000000000000000
000000000000000000000000000000000000000
000000000000000000000000000000000000000
000000000000000000000000000000000000000
000000000000000000000000000000000000000
000000000000000000000000000000000000000
000000000000000000000000000000000000000
000000000000000000000000000000000000000
000010000000000000000000000000000010000
000010000000000000000000000000000010000
000010000000000000000000000000000010000
000011111000000000000000000000111110000
000000000000000000000000000000000000000
000000000000000000000000000000000000000
000000000000000000000000000000000000000