000000000000000000000000000000000000000
000000000000000000000000000000000000000
000000000000000000000000000000000000000
0000000000000000000P0000000000000000000
0000000V000000000000000000000000M000000
000000000000000000000000000000000000000
000000000000000000000000000000000000000
000000000000000011111000000000000000000
000000000000000000000000000000000000000
000000000000000000000000000000000000000
000000000000000000000000000000000000000
000000000000000000300000000000000000000
001110000000000000000000000000000011100
000000000000000000000000000000000000000
000000000000000000000000000000000000000
000300000000000000000000000000000003000
000000000000000000000000000000000000000
000000000000000000000000000000000000000
001110000000000011111000000000000011100
000000000000000000000000000000000000000
000000000000000000000000000000000000000
000010000000000000000000000000000010000
000010000000000000200000000000000010000
000010000000000000000000000000000010000
000010000000000000000000000000000010000
000010000000000000200000000000000010000
000010000000000000000000000000000010000
000000000000000000000000000000000000000
000000000000000000000000000000000000000
000000000000000000000000000000000000000